SORTING-ALGORITHMS-LAB

{8,6,7,5,3,0,9}

Bubble sort:

1st loop
6,7,5,3,0,8,9

2nd loop
6,5,3,0,7,8,9

3rd loop
5,3,0,6,7,8,9

4th loop
3,0,5,6,7,8,9

5th loop
0,3,5,6,7,8,9

6th loop
0,3,5,6,7,8,9

7th loop
0,3,5,6,7,8,9

Insert Sort:

[8,6,7,5,3,0,9]

1st
6,8

2nd
6,7,8

3rd
5,6,7,8,

4th
3,5,6,7,8

5th
0,3,5,6,7,8

6th
0,3,5,6,7,8,9

-----------

{10,9,8,7,6}

Bubble Sort

1st
9,8,7,6,10

2nd
8,7,6,9,10

3rd
8,6,7,9,10

4th
6,7,8,9,10

5th
6,7,8,9,10


Insert Sort

1st
9,10,8,7,6

2nd
8,9,10,7,6

3rd
7,8,9,10,6

4th
6,7,8,9,10

---------

[4, 6, 33, 12, 1, 1, -1]

Bubble Sort

1st
4,6,12,1,1,-1,33

2nd
4,6,1,1,-1,12,33

3rd
4,1,1,-1,6,12,33

4th
1,1,-1,4,6,12,33

5th
1,-1,1,4,6,12,33

6th
-1,1,1,4,6,12,33

7th
-1,1,1,4,6,12,33


[4, 6, 33, 12, 1, 1, -1]
Insert Sort

1st
4,6,33,12,1,1,-1

2nd
4,6,33,12,1,1,-1

3rd
4,6,12,33,1,1,-1

4th
1,4,6,12,33,1,-1

5th
1,1,4,6,12,33,-1

6th
-1,1,1,4,6,12,33

--------------

[2, 3, 2, 3, 2, 3, -2]

Bubble Sort

1st
2,3,2,2,3,-2,3

2nd
2,2,3,2,-2,3,3

3rd
2,2,2,-2,3,3,3

4th
2,2,-2,2,3,3,3

5th
2,-2,2,2,3,3,3

6th
-2,2,2,2,3,3,3










